10 20 30 40 50
10 20 25 30 40
10 10 25 50 50
5 10 20 25 10 10
0 5 10 15 20
10 20 30 40 50
10 20 25 30 40
10 10 25 50 50
5 10 20 25 10 10
0 5 10 15 20
10 20 30 40 50
10 20 25 30 40
10 10 25 50 50
5 10 20 25 10 10
0 5 10 15 20
10 20 30 40 50
10 20 25 30 40
10 10 25 50 50
5 10 20 25 10 10
0 5 10 15 20
10 20 30 40 50
10 20 25 30 40
10 10 25 50 50
5 10 20 25 10 10
0 5 10 15 20
10 20 30 40 50
10 20 25 30 40
10 10 25 50 50
5 10 20 25 10 10
0 5 10 15 20
10 20 30 40 50
10 20 25 30 40
10 10 25 50 50
5 10 20 25 10 10
0 5 10 15 20
10 20 30 40 50
10 20 25 30 40
10 10 25 50 50
5 10 20 25 10 10
0 5 10 15 20
10 20 30 40 50
10 20 25 30 40
10 10 25 50 50
5 10 20 25 10 10
0 5 10 15 20
10 20 30 40 50
10 20 25 30 40
10 10 25 50 50
5 10 20 25 10 10
0 5 10 15 20